10.00
9.99
15.67
26.39
25.18
33.17
27.60
34.44
38.47
36.07
41.70
43.37
46.92
45.30
42.70
47.24
34.58
52.09
49.32
51.80
45.00
47.61
48.56
55.41
53.04
53.25
50.19
56.22
59.91
46.75
57.25
61.01
60.95
58.76
60.49
61.32
54.36
60.88
55.02
63.92
61.95
65.51
62.08
63.88
67.94
63.02
63.87
70.12
65.57
50.40
64.22
70.98
68.84
64.49
64.28
67.08
64.40
70.99
71.61
67.67
69.96
69.69
71.08
71.03
71.06
68.70
68.08
69.38
73.25
70.55
70.91
71.75
60.76
72.35
70.72
69.20
72.59
68.73
66.93
71.90
72.15
70.03
73.34
74.41
74.98
71.34
66.12
73.50
73.02
67.05
70.78
71.91
71.79
69.31
67.68
74.61
75.29
71.46
76.79
71.66
72.68
73.08
74.54
73.59
73.28
75.87
72.13
71.59
75.30
73.35
78.62
74.42
72.30
74.68
72.62
74.81
74.51
72.77
71.15
63.31
66.94
68.37
68.91
73.48
73.98
76.09
71.27
73.66
76.65
72.72
74.69
75.13
78.15
71.07
70.64
72.86
71.57
73.23
74.71
75.87
75.37
69.39
73.13
78.31
76.42
74.27
73.22
70.73
78.46
75.33
77.75
75.92
76.49
77.94
77.65
76.89
69.92
73.21
75.76
69.06
69.39
69.40
72.58
76.31
72.42
72.54
64.13
75.84
72.50
76.98
73.53
78.52
78.70
67.38
66.29
68.00
73.62
73.34
73.58
76.57
74.29
72.34
73.67
72.86
75.19
78.66
66.93
72.60
71.18
74.98
73.33
78.07
75.68
75.99
77.04
77.15
71.95
77.59
75.54
75.44
76.48
74.59
72.91
77.14
73.24
71.12
74.11
68.96
76.54
77.11
73.75
76.20
76.86
75.13
74.40
74.36
72.30
76.18
75.66
79.96
72.76
78.99
74.93
76.78
75.70
79.59
75.61
76.17
76.95
79.09
77.75
77.17
74.10
79.87
79.50
78.36
71.18
78.86
78.21
74.41
74.38
78.06
77.84
76.51
78.24
69.63
75.36
77.48
76.86
76.83
69.09
70.06
75.98
76.62
75.67
76.39
78.56
79.53
77.45
79.54
79.87
79.22
77.06
75.59
78.31
78.61
80.21
73.24
74.61
78.11
79.59
78.50
75.22
75.54
80.24
80.60
78.48
77.50
77.27
78.68
78.63
75.85
78.21
76.76
79.31
79.71
79.18
79.72
79.97
77.32
79.37
77.37
81.36
79.01
73.84
77.99
78.59
77.44
77.32
77.27
78.27
77.36
80.51
78.74
76.47
78.07
79.43
78.19
75.18
77.92
78.33
80.37
80.31
77.47
75.29
80.81
78.03
78.00
79.02
78.65
78.99
78.71
76.05
80.47
79.69
81.11
79.18
77.51
80.22
78.97
80.33
79.06
75.52
75.14
77.76
79.12
78.55
81.24
79.91
80.53
79.24
80.86
79.20
79.32
80.00
80.18
79.71
79.32
74.79
80.02
77.99
78.56
79.86
77.27
81.28
80.44
80.94
76.21
79.22
80.83
80.50
81.54
81.02
80.04
80.57
82.19
77.57
79.43
81.03
78.67
79.85
78.03
80.25
80.45
76.68
79.63
79.55
81.55
79.10
75.55
79.41
77.03
80.46
81.29
79.85
81.14
80.51
81.49
79.86
81.61
80.02
81.77
81.74
81.89
79.01
81.77
79.86
82.01
81.49
78.08
77.91
80.39
80.81
81.58
82.20
80.61
81.15
80.77
82.11
82.23
80.52
81.82
81.91
78.28
80.61
80.23
81.02
80.27
79.74
82.70
80.10
81.52
80.66
77.09
80.78
80.56
80.96
80.54
77.34
77.87
81.32
80.34
82.21
81.57
82.34
81.59
81.97
83.24
81.90
82.54
82.57
80.39
81.52
79.74
79.90
82.04
81.84
79.87
81.79
82.38
80.09
81.99
81.21
80.05
81.50
78.53
80.57
77.10
81.74
81.05
77.15
80.13
79.63
80.31
80.85
80.10
81.62
82.06
82.08
80.83
81.12
82.66
81.72
81.81
81.20
82.76
82.14
79.82
81.19
81.98
81.89
82.02
83.17
82.80
83.20
82.13
83.75
83.31
83.13
81.93
83.67
82.35
81.61
81.13
82.23
79.99
80.95
80.49
81.98
82.61
83.66
81.70
82.00
83.14
83.05
81.85
82.43
80.71
83.37
82.36
82.44
82.77
84.07
84.11
83.45
83.81
82.95
83.72
83.16
84.04
84.07
83.57
82.61
83.72
83.68
80.54
82.09
79.01
80.26
83.22
84.21
83.60
84.16
84.25
83.57
84.07
83.55
83.30
83.53
83.87
83.64
83.49
84.19
83.71
83.63
82.50
83.55
84.26
83.56
82.49
83.65
83.32
84.21
84.13
83.65
83.97
84.75
83.83
83.69
83.46
83.46
82.26
83.89
82.51
83.26
83.10
84.21
81.88
80.31
83.47
84.02
83.67
83.80
83.16
82.38
83.56
82.26
83.11
82.08
83.19
82.57
84.00
84.45
84.74
84.28
83.70
83.83
84.18
84.03
84.40
84.18
83.95
84.48
83.94
84.34
83.99
83.25
83.18
83.57
84.07
84.00
84.08
84.60
84.74
83.44
83.87
83.75
82.94
81.49
81.80
82.11
83.08
83.00
82.11
83.07
83.94
82.20
82.78
84.08
83.24
83.99
84.30
84.25
84.31
84.62
84.95
84.62
84.30
85.10
84.13
83.59
84.35
84.37
84.89
83.79
83.63
84.16
84.88
84.40
83.68
83.55
84.30
84.56
83.45
81.36
83.87
84.35
84.21
82.46
82.92
83.44
83.70
84.34
84.59
84.25
83.66
83.46
84.13
84.26
84.10
84.44
84.38
84.20
84.71
84.94
83.75
84.05
83.95
83.87
83.78
84.40
84.35
84.31
84.60
84.50
84.57
84.55
84.91
84.71
84.71
84.80
85.18
85.62
85.43
85.16
85.35
85.01
84.41
83.42
83.05
84.37
84.39
84.04
84.47
84.06
84.77
84.03
84.77
83.94
83.88
84.05
83.98
84.46
84.44
82.77
83.84
84.59
84.92
84.42
84.46
84.92
84.89
85.35
84.73
84.84
84.66
84.36
83.88
83.94
83.58
83.31
84.02
84.03
84.24
85.18
84.70
84.85
84.11
82.93
84.26
84.80
85.09
84.49
84.24
84.50
84.26
84.76
84.82
84.79
84.52
84.10
84.63
84.40
84.71
84.22
84.49
84.30
84.99
85.00
84.50
84.57
84.41
84.54
84.88
84.89
84.80
84.34
84.62
84.89
84.50
84.44
84.66
84.72
85.06
84.29
84.59
85.21
85.43
84.76
84.45
84.68
84.12
84.64
84.37
83.99
84.68
84.92
85.17
84.61
84.71
84.69
84.75
83.83
82.99
84.91
83.47
85.04
84.68
85.23
84.81
84.27
84.38
84.72
84.79
84.81
84.56
84.63
84.36
84.94
84.28
