14.03
22.31
41.80
34.52
57.96
66.84
71.61
78.79
82.42
86.30
85.61
89.42
90.44
90.77
91.79
92.36
90.74
92.14
92.81
93.57
94.05
93.88
93.66
94.26
94.73
94.82
95.34
94.79
95.65
94.24
94.17
93.99
95.59
94.66
93.72
95.65
96.24
96.41
95.96
96.23
96.00
96.52
96.97
96.58
96.67
96.74
96.78
96.51
96.87
97.13
96.83
97.17
96.93
97.11
97.34
97.24
96.53
96.92
96.64
97.21
97.61
97.05
97.30
97.51
97.56
97.35
97.26
97.46
97.50
97.46
97.62
97.54
97.39
97.36
97.58
97.51
97.43
97.42
97.47
97.19
97.73
97.52
97.35
97.71
97.44
97.85
97.56
97.50
97.69
97.63
97.76
97.34
97.89
97.52
97.19
98.03
97.90
97.08
97.95
97.88
97.97
97.93
98.10
97.06
97.92
97.44
98.01
97.89
97.77
97.64
98.19
98.12
97.88
98.34
97.98
98.12
98.04
98.30
98.32
98.05
98.23
97.95
97.93
97.87
98.16
98.03
97.96
98.10
98.14
97.74
98.05
97.99
98.17
98.08
98.03
98.21
98.10
98.26
97.98
98.11
97.89
97.69
98.49
98.13
97.96
98.33
98.14
98.39
98.15
98.40
97.67
98.06
97.63
98.00
98.32
98.07
98.26
98.53
98.39
98.42
98.53
98.16
98.31
98.37
98.35
98.26
98.30
98.41
98.11
98.30
98.06
98.46
98.26
98.28
98.31
98.35
98.29
98.24
98.15
98.38
98.28
98.38
98.42
98.26
98.42
98.23
98.26
98.21
98.00
98.59
98.57
98.63
98.67
98.36
98.51
98.32
98.56
97.70
98.02
98.05
98.50
98.58
98.45
98.42
98.51
98.57
98.69
98.66
98.59
98.31
98.47
98.41
98.39
98.45
98.56
98.46
98.39
98.37
98.55
98.44
98.43
98.47
98.55
98.52
98.43
98.29
98.49
98.48
98.46
98.52
98.28
98.52
98.58
98.26
98.41
98.32
98.69
98.70
98.76
98.84
98.53
98.58
98.38
98.65
97.98
98.26
98.56
98.63
98.71
98.71
98.69
98.65
98.79
98.73
98.76
98.76
98.47
98.70
98.55
98.50
98.62
98.64
98.60
98.53
98.49
98.57
98.59
98.43
98.48
98.56
98.53
98.52
98.42
98.53
98.55
98.41
98.66
98.49
98.57
98.53
98.38
98.48
98.40
98.83
98.75
98.84
98.88
98.63
98.70
98.48
98.61
98.00
98.28
98.53
98.66
98.73
98.75
98.82
98.75
98.77
98.74
98.85
98.89
98.53
98.72
98.71
98.56
98.75
98.78
98.73
98.57
98.55
98.60
98.73
98.46
98.55
98.76
98.52
98.53
98.47
98.61
98.67
98.16
98.84
98.55
98.57
98.42
98.42
98.52
98.33
98.81
98.69
98.84
98.92
98.67
98.62
98.52
98.65
98.21
98.31
98.55
98.58
98.73
98.80
98.83
98.85
98.88
98.76
98.87
98.85
98.53
98.82
98.72
98.59
98.82
98.85
98.88
98.63
98.63
98.70
98.76
98.47
98.47
98.78
98.51
98.56
98.44
98.63
98.79
97.97
98.81
98.52
98.31
98.58
98.40
98.59
98.15
98.86
98.73
98.83
98.86
98.68
98.54
98.63
98.65
98.31
98.39
98.64
98.64
98.82
98.76
98.83
98.87
98.87
98.79
98.81
98.81
98.56
98.81
98.82
98.61
98.88
98.73
98.88
98.54
98.55
98.76
98.85
98.49
98.57
98.69
98.64
98.54
98.45
98.73
98.85
98.10
98.85
98.53
98.36
98.66
98.52
98.52
98.50
98.93
98.62
98.75
98.74
98.63
98.56
98.67
98.70
98.54
98.51
98.58
98.61
98.76
98.77
98.79
98.85
98.95
98.73
98.81
98.83
98.64
98.89
98.84
98.72
98.95
98.76
98.99
98.61
98.55
98.72
98.88
98.60
98.48
98.69
98.62
98.51
98.46
98.71
98.85
98.24
98.75
98.48
98.54
98.68
98.43
98.67
