10.00
10.00
11.62
18.87
19.27
24.39
26.10
23.45
34.14
27.53
32.43
33.65
38.68
34.11
37.29
28.88
33.32
39.26
36.40
42.94
46.32
41.17
43.76
47.52
47.03
44.12
46.43
46.42
50.28
44.85
54.86
50.02
52.36
49.97
53.22
52.96
56.81
54.61
52.25
49.86
52.55
51.49
56.96
56.54
61.17
53.70
51.39
57.16
54.22
54.89
57.53
58.77
62.91
59.96
54.67
59.91
62.77
58.82
58.94
61.37
63.21
62.53
62.10
63.73
61.81
66.09
65.01
63.13
57.40
64.35
66.85
65.24
63.44
67.23
68.76
65.73
68.74
69.08
61.77
67.14
68.38
66.79
70.35
69.94
67.53
68.12
67.29
70.15
68.93
70.17
61.64
72.93
63.72
70.37
70.43
68.58
64.04
68.53
72.28
70.56
68.91
70.17
68.25
70.92
71.57
70.85
71.33
70.08
70.73
73.77
74.31
73.76
72.34
72.12
70.42
71.47
72.59
72.98
72.79
71.06
71.37
71.53
73.61
73.41
72.42
69.37
76.46
71.03
73.01
73.93
71.17
76.49
72.33
73.14
65.95
73.12
73.42
74.12
75.19
71.64
71.93
72.89
73.53
74.05
76.33
76.03
74.99
74.99
76.00
76.80
76.02
76.33
75.22
72.31
75.72
75.63
77.52
68.22
77.08
72.74
73.43
71.42
75.48
74.71
73.39
68.95
76.71
75.22
71.57
74.32
76.76
75.78
77.83
72.83
70.87
76.76
73.05
74.96
74.66
75.98
70.65
73.97
73.38
76.66
79.17
76.69
73.35
75.38
74.24
74.63
77.29
75.15
77.89
73.48
76.40
77.35
77.56
76.43
78.70
74.37
73.59
75.82
75.12
75.13
76.81
67.95
75.33
75.73
76.98
75.73
78.13
77.47
78.54
74.43
74.38
74.26
76.64
74.54
72.60
75.05
69.82
73.68
74.17
71.77
76.81
77.13
76.68
77.30
70.83
71.64
76.80
76.16
78.09
77.44
73.21
75.93
75.05
75.76
74.76
75.69
75.03
73.75
79.41
77.52
78.83
75.81
78.27
77.58
74.34
75.96
76.55
77.43
77.81
76.69
74.60
75.83
77.19
74.40
74.33
79.05
73.42
73.20
74.94
74.51
77.11
79.25
77.68
75.67
72.69
71.83
76.54
74.56
78.35
77.18
76.18
76.81
69.71
78.25
72.71
77.40
76.50
76.78
78.70
76.29
76.16
72.74
79.21
78.90
77.14
79.20
77.48
78.93
74.93
76.45
78.70
77.71
74.00
76.92
77.41
78.14
75.04
74.13
75.96
72.17
79.55
75.02
78.76
75.37
76.62
76.78
78.81
75.70
75.91
74.12
76.21
79.09
74.23
70.35
79.02
79.16
78.78
77.34
80.75
77.88
78.32
74.89
79.77
80.86
77.06
79.64
80.39
78.91
75.95
74.05
79.58
76.83
76.17
76.30
77.27
78.87
79.77
78.64
79.53
74.84
79.69
78.33
81.22
79.24
76.42
77.30
77.18
79.61
77.04
73.75
80.20
74.74
79.07
75.16
79.29
76.51
76.42
80.01
77.43
75.37
78.50
76.01
78.04
79.95
81.23
78.54
79.75
80.81
77.01
75.44
75.36
77.32
78.04
79.23
73.80
80.14
80.71
79.30
80.52
78.36
78.77
79.71
78.02
75.98
79.38
79.41
77.66
81.48
77.64
79.52
80.30
77.92
79.89
79.91
79.55
76.09
74.17
81.11
78.04
80.96
79.97
80.23
76.35
81.02
79.12
79.59
79.61
80.11
80.60
80.15
78.88
79.51
77.74
78.90
79.60
81.59
81.12
79.19
79.77
81.13
81.40
79.58
79.60
79.63
78.52
80.18
79.90
79.61
79.92
80.93
81.37
81.77
81.51
80.20
79.90
82.33
82.50
79.60
81.85
82.21
80.59
81.63
77.68
80.48
79.06
80.04
80.18
82.09
77.97
82.32
80.37
80.53
79.81
80.93
78.39
81.61
79.79
80.96
82.12
82.16
80.53
81.86
80.83
79.71
77.84
81.67
80.66
80.70
80.50
81.01
82.12
81.33
80.52
81.95
81.59
81.62
81.80
81.30
82.70
82.03
82.21
81.48
82.22
80.95
79.96
82.14
80.78
82.77
81.44
81.36
80.31
81.05
81.72
81.33
81.00
82.56
81.68
82.59
82.93
82.32
81.96
82.48
82.31
81.07
81.70
81.80
81.51
82.44
81.76
80.30
80.56
81.37
82.47
81.92
80.17
83.41
83.12
82.82
82.94
83.14
82.00
82.20
80.37
82.08
83.21
81.95
82.57
80.53
81.09
82.13
81.72
79.83
81.64
80.52
79.33
82.88
82.27
81.83
82.14
83.70
83.32
82.21
81.52
82.72
80.40
81.44
82.54
81.61
82.30
82.58
82.94
81.84
83.58
83.09
82.03
82.54
82.52
83.81
82.82
83.53
82.74
83.19
83.51
80.85
81.52
81.76
81.66
80.67
82.25
82.05
81.17
80.87
81.87
81.25
82.75
82.62
82.61
83.26
82.62
83.03
83.65
82.33
83.65
83.12
81.50
81.84
83.08
82.06
81.91
83.47
79.88
83.35
82.92
82.96
83.07
83.06
83.06
80.52
82.92
83.25
83.09
81.97
83.32
82.81
83.64
81.74
81.37
81.82
82.83
83.60
83.31
84.33
83.31
81.02
83.58
83.48
83.53
82.38
81.22
81.27
82.39
83.23
82.15
82.65
83.88
82.79
83.21
82.14
81.67
81.56
81.61
82.04
81.05
81.54
81.83
82.60
82.93
83.52
81.99
82.24
83.08
84.35
83.29
82.24
83.89
83.10
83.00
82.76
84.07
83.36
83.75
84.20
84.01
84.58
84.32
84.24
84.46
83.75
82.45
83.17
82.63
83.10
82.16
81.25
82.67
82.02
82.98
82.31
82.30
81.92
82.50
82.11
82.99
82.06
83.81
83.02
83.04
83.74
84.07
83.90
83.97
83.60
83.87
82.82
82.21
82.71
84.19
82.91
83.75
84.38
84.62
83.91
83.99
82.78
83.88
83.79
83.76
84.62
84.05
84.29
83.61
83.71
83.24
83.95
84.41
82.55
84.80
82.99
84.06
83.92
83.65
83.07
83.20
83.77
82.82
83.83
83.71
83.84
84.65
83.53
84.04
82.62
83.02
83.20
82.79
83.52
83.55
83.46
80.63
82.29
82.66
83.82
84.75
84.13
84.48
84.04
84.41
84.28
83.47
84.12
83.99
82.29
84.37
83.32
83.14
82.93
83.72
83.30
82.16
84.14
83.94
83.85
84.66
84.75
84.15
84.02
83.73
84.22
83.47
84.30
84.63
83.51
83.40
84.36
83.10
82.76
84.39
85.44
85.27
83.95
85.15
84.95
84.76
84.71
84.63
84.97
84.54
84.87
84.65
84.67
84.71
84.80
85.29
85.25
85.05
84.36
84.53
84.93
84.36
84.23
84.61
84.32
84.85
84.37
83.93
82.94
