10.00
10.00
15.76
17.87
26.72
21.99
27.13
42.09
36.95
39.03
39.92
45.98
41.94
39.24
47.36
41.00
39.01
53.30
48.40
48.10
46.06
53.91
41.04
50.44
48.45
47.80
55.83
48.05
54.08
50.51
53.25
54.15
54.90
36.65
58.22
39.78
51.68
51.43
42.49
56.78
58.47
56.11
53.02
60.92
63.64
59.50
58.69
66.77
58.85
52.85
63.24
63.08
64.05
62.72
62.93
62.56
65.72
53.98
60.66
62.64
54.06
65.53
69.42
56.02
67.84
62.35
59.82
55.37
63.85
62.54
70.54
56.48
67.95
63.18
71.56
68.18
67.20
68.23
39.19
64.69
59.15
59.63
69.26
71.61
72.22
70.30
55.11
69.27
70.34
58.39
61.67
69.95
63.84
66.12
63.71
72.39
72.64
68.72
72.97
65.34
69.03
71.23
61.73
68.79
72.79
71.67
67.19
67.30
72.49
70.01
65.55
69.07
65.12
71.60
64.81
68.18
68.72
72.71
65.18
68.88
72.62
63.53
73.88
72.52
75.02
68.61
67.07
72.21
63.48
60.11
69.83
71.71
62.88
61.72
71.51
58.89
70.12
65.38
68.13
67.36
64.08
71.28
72.15
67.42
68.03
72.90
70.04
63.59
73.33
74.21
73.63
72.83
65.24
73.81
63.72
66.84
68.91
68.95
60.33
66.70
67.87
64.15
73.82
72.60
62.96
68.38
72.34
72.33
67.20
73.30
69.75
62.54
66.55
71.07
56.52
60.71
69.12
65.81
63.63
71.74
73.24
73.15
65.83
69.22
73.96
69.26
73.69
66.21
72.14
73.35
70.73
66.95
69.86
73.23
67.89
67.87
69.90
69.99
69.93
66.16
66.97
69.93
67.48
72.78
73.50
63.58
63.80
75.35
70.99
75.07
57.70
70.07
74.75
62.60
63.80
62.82
69.23
74.56
63.43
74.64
71.23
73.11
73.78
75.27
71.94
74.94
76.14
76.49
69.85
65.94
74.11
75.95
73.28
71.70
70.07
77.96
71.91
70.17
73.29
70.89
71.83
68.72
65.16
67.64
70.92
56.39
66.86
75.41
72.16
73.43
67.90
71.90
68.98
66.83
72.38
66.50
76.32
70.73
68.98
74.67
76.72
76.99
75.68
74.88
76.72
76.82
60.89
76.23
73.32
75.47
76.75
74.91
69.03
73.64
70.31
77.91
75.17
70.28
75.86
67.12
68.16
72.91
70.80
68.50
76.30
73.14
77.20
69.81
75.47
71.94
70.90
76.37
71.05
71.09
68.29
74.07
76.81
70.98
70.63
76.85
74.82
76.23
75.65
73.99
76.11
77.69
76.75
75.96
66.68
74.12
74.87
76.55
68.56
73.88
79.14
74.11
73.70
75.93
69.90
75.28
74.54
75.78
72.22
74.42
76.98
77.58
77.40
76.01
76.75
75.12
78.07
74.33
72.20
78.70
76.90
78.02
78.83
75.71
76.48
76.42
76.41
77.74
77.74
77.81
76.33
76.76
78.13
70.67
74.64
78.22
74.47
76.24
71.47
77.85
74.30
73.32
77.34
75.48
70.20
74.13
74.92
74.17
74.50
74.87
78.90
77.88
76.11
75.96
78.26
75.49
76.76
76.65
72.41
77.30
77.98
77.29
76.67
77.87
75.04
77.03
78.14
77.60
79.88
79.70
77.13
78.00
78.97
77.13
79.16
78.17
77.91
76.60
78.88
73.49
77.60
78.38
78.02
74.74
74.39
76.08
