10.00
10.00
11.81
10.04
10.93
12.64
9.99
20.69
20.91
20.37
17.94
19.47
21.87
22.98
24.10
23.33
25.06
25.12
21.90
26.20
25.69
24.43
27.87
27.43
28.87
29.78
29.20
30.80
34.45
33.83
35.36
32.35
36.08
31.30
35.83
36.89
37.56
32.98
34.78
36.19
36.74
38.36
41.87
40.94
41.78
41.12
41.64
40.76
36.62
38.96
41.96
41.58
40.19
40.70
46.31
41.01
44.35
46.19
45.86
44.84
42.51
40.65
47.95
40.91
43.86
49.19
44.71
47.91
48.66
49.71
51.82
50.96
51.43
51.36
51.94
54.25
52.43
49.32
54.09
56.98
56.89
53.42
57.46
38.48
54.71
52.47
51.55
46.98
55.75
47.85
52.98
55.55
60.99
57.26
60.73
56.51
58.99
57.79
56.19
56.34
57.92
61.95
59.31
59.79
60.07
61.11
53.18
58.76
56.63
61.14
60.38
61.39
61.86
62.88
60.34
61.05
61.77
62.57
58.04
64.42
64.88
64.61
64.53
63.77
64.20
65.22
56.08
60.49
62.90
55.30
62.50
66.29
65.76
60.58
63.72
67.85
61.62
65.71
61.12
63.74
64.09
68.13
68.86
67.68
63.19
67.07
68.02
63.22
66.09
67.97
66.21
54.83
65.78
66.68
69.11
67.88
65.16
65.99
61.80
69.57
70.46
68.06
70.36
69.91
69.23
70.76
66.06
65.26
68.06
71.74
68.86
71.95
68.46
61.06
63.96
71.09
65.45
67.55
69.67
68.12
69.25
68.71
71.89
72.70
71.13
69.11
72.47
68.58
71.65
70.90
70.40
66.55
71.58
57.78
70.92
71.96
72.47
68.99
69.39
70.31
70.74
70.89
71.57
70.78
72.92
69.00
66.91
65.84
71.54
70.30
69.87
73.22
73.24
66.28
71.08
74.94
70.73
71.43
73.69
68.39
71.60
71.40
72.68
72.97
74.91
67.64
72.25
73.60
75.92
75.56
74.88
72.89
68.37
68.94
68.58
72.92
73.71
70.92
74.26
69.90
68.50
73.15
73.43
73.77
74.14
64.88
71.50
70.74
72.93
69.18
73.45
75.22
74.57
73.13
70.48
76.53
73.66
75.39
70.88
73.21
74.92
71.45
74.84
72.77
72.79
70.19
75.26
73.41
77.21
76.69
74.43
72.80
66.09
73.61
73.39
72.26
74.77
71.76
73.60
73.14
71.93
75.70
75.80
76.14
76.29
65.58
73.42
74.02
74.53
71.72
78.22
74.10
77.47
77.73
71.01
76.55
74.31
76.06
72.80
74.96
75.36
73.15
75.99
71.81
73.93
72.60
72.89
77.62
70.73
75.38
75.66
72.64
69.72
76.00
76.72
74.65
74.44
71.51
74.99
76.96
74.95
74.17
74.51
77.93
76.27
73.53
75.59
75.24
76.29
76.35
76.99
78.18
75.49
74.76
68.52
77.20
76.35
77.42
74.45
71.84
74.06
72.76
72.97
72.41
73.98
77.24
77.38
76.24
74.75
76.76
71.33
69.61
69.72
75.48
76.94
71.53
72.57
75.75
75.49
77.46
77.39
75.41
76.71
77.12
78.77
76.23
76.74
73.95
76.14
78.01
79.25
78.87
74.57
70.78
73.19
75.07
76.86
78.22
76.64
77.82
76.88
74.05
76.03
68.99
75.74
78.09
78.92
79.32
64.79
74.90
76.58
76.69
77.13
74.48
77.06
77.33
73.85
76.93
78.30
76.52
77.13
76.68
76.48
79.13
74.42
75.27
77.79
78.35
76.55
80.10
79.06
78.59
76.70
78.01
77.02
78.56
76.19
78.50
72.18
77.25
77.17
76.29
79.41
72.23
77.86
76.99
76.84
77.84
76.89
77.20
76.68
78.50
77.55
78.68
78.96
79.57
77.54
76.81
80.83
77.82
78.19
78.14
79.29
75.75
78.06
76.33
79.91
78.96
79.79
79.61
78.62
79.92
77.14
76.68
77.22
79.22
78.12
79.38
76.49
78.29
77.11
72.66
79.42
77.52
77.04
77.57
77.65
78.31
81.02
78.25
70.22
73.90
76.06
73.35
77.79
78.91
78.58
78.86
80.43
78.66
78.55
80.12
79.97
79.86
79.57
79.28
78.17
79.33
77.90
80.16
79.35
79.24
77.31
78.31
79.06
78.47
78.24
80.19
80.87
79.12
79.16
78.63
80.58
76.45
74.55
77.09
77.76
79.29
80.10
80.09
75.89
78.13
79.48
75.58
80.22
79.40
77.77
78.95
80.32
79.22
78.84
80.33
80.45
81.01
80.76
80.17
78.20
77.42
79.97
80.36
79.81
79.21
79.46
79.14
78.01
77.69
78.26
78.54
78.94
78.58
78.40
79.22
79.79
77.42
75.37
78.40
78.95
78.07
80.12
78.44
80.13
79.90
76.02
73.34
77.50
77.47
79.21
79.24
78.75
78.58
78.77
80.09
78.47
80.17
79.68
77.99
79.13
79.82
80.43
79.63
78.83
79.50
79.75
80.14
75.70
79.78
77.80
81.33
79.45
79.22
81.27
80.62
79.24
81.54
77.64
79.73
74.97
78.74
79.01
76.85
78.84
79.70
78.04
76.79
80.53
77.81
79.09
78.73
80.20
78.66
78.59
78.67
79.46
81.40
80.29
81.32
79.30
78.04
79.04
78.73
79.72
80.48
80.66
78.90
79.92
80.30
78.90
80.78
79.76
80.86
81.86
80.54
80.93
80.87
79.51
75.97
79.55
80.53
80.62
81.81
82.47
80.99
78.12
80.53
76.06
80.57
81.66
78.83
81.19
78.19
77.35
77.55
78.57
80.49
82.00
81.68
81.33
80.81
82.12
82.01
82.21
82.18
82.06
82.16
82.60
79.91
80.59
81.34
77.79
82.03
79.11
81.33
80.53
81.84
80.11
81.13
79.15
79.84
80.93
78.97
81.37
82.15
80.87
80.70
79.73
81.42
81.07
80.87
83.05
82.30
82.16
82.05
82.44
82.13
81.62
80.36
80.01
81.97
80.86
81.83
82.67
82.17
81.66
82.24
81.80
80.35
80.80
80.97
80.69
81.92
80.97
81.37
80.87
82.65
80.85
78.82
80.04
80.91
79.85
81.57
82.25
80.61
81.82
81.02
82.00
81.96
82.51
82.25
81.82
81.49
81.26
78.80
81.03
81.76
82.40
82.32
82.48
81.44
80.76
80.74
79.90
80.59
81.55
82.13
80.93
81.75
82.64
80.61
78.79
81.54
82.13
81.86
81.59
82.49
81.90
82.27
81.49
82.25
81.69
82.74
82.03
80.10
81.89
80.84
80.42
78.42
79.96
81.46
80.50
82.26
82.40
81.48
81.38
82.00
81.32
83.05
82.57
81.58
81.89
81.69
80.88
81.76
80.90
82.92
82.69
82.87
81.69
80.24
82.79
81.09
82.34
83.16
81.55
83.40
83.61
82.58
81.47
80.89
81.12
80.10
83.37
83.23
82.79
82.87
83.17
83.32
83.47
82.79
82.61
82.54
