10.09
10.09
10.09
11.70
28.15
39.02
42.57
48.09
60.21
56.35
78.71
79.78
82.81
85.94
87.53
89.63
88.98
91.23
89.69
91.74
91.95
92.90
93.17
93.37
94.14
92.37
91.54
93.91
94.53
94.34
92.67
93.52
94.77
94.41
92.44
95.36
95.10
96.00
96.09
96.23
96.38
96.29
96.85
96.50
96.40
96.50
95.58
95.73
96.95
96.84
97.10
97.25
97.05
97.01
96.99
96.83
96.52
96.07
96.20
96.72
96.66
96.96
96.90
96.88
97.21
97.28
97.56
97.43
97.51
97.30
97.42
97.40
97.55
97.48
97.45
97.55
97.15
96.72
97.02
97.17
97.38
97.35
97.05
97.66
97.49
97.41
97.81
97.74
97.76
97.53
97.87
97.56
97.54
97.18
97.50
97.82
97.72
97.88
97.78
97.80
97.98
97.96
98.12
97.76
97.75
97.56
97.89
97.77
97.94
98.18
98.05
97.60
97.41
98.21
97.95
97.95
97.65
98.25
98.20
97.87
98.23
97.97
98.06
97.96
97.86
98.01
98.01
97.89
98.00
97.91
98.00
97.83
97.58
98.20
98.24
98.01
98.28
98.35
98.14
97.82
98.11
97.96
98.44
98.21
98.29
98.28
98.28
98.24
98.15
98.49
97.81
97.81
98.01
98.39
98.21
98.34
98.46
98.27
98.13
97.71
98.44
98.24
98.19
98.39
98.49
98.39
98.26
98.42
98.15
98.44
98.38
98.34
98.08
98.30
98.29
98.33
98.38
98.10
98.18
98.11
98.35
98.37
98.32
98.10
98.44
98.34
98.10
98.43
98.10
98.69
98.48
98.48
98.61
98.40
98.40
98.20
98.64
97.79
97.88
98.34
98.49
98.40
98.42
98.51
98.52
98.45
97.94
98.60
98.34
98.20
98.57
98.41
98.72
98.10
98.68
98.34
98.52
98.57
98.58
98.32
98.59
98.56
98.53
98.48
98.15
98.44
98.40
98.35
98.38
98.33
98.12
98.42
98.52
98.34
98.53
98.31
98.63
98.65
98.67
98.68
98.60
98.34
98.24
98.82
98.04
98.20
98.49
98.62
98.50
98.52
98.59
98.59
98.48
98.24
98.68
98.43
98.17
98.57
98.46
98.67
98.49
98.74
98.39
98.47
98.63
98.61
98.43
98.59
98.56
98.52
98.31
98.11
98.48
98.41
98.27
98.43
98.40
97.88
98.32
98.66
98.58
98.59
98.51
98.65
98.57
98.61
98.75
98.70
98.21
98.25
98.87
98.02
98.25
98.34
98.60
98.50
98.47
98.47
98.58
98.45
98.40
98.65
98.49
98.16
98.60
98.45
98.61
98.59
98.72
98.44
98.46
98.59
98.56
98.40
98.72
98.62
98.52
98.54
98.18
98.47
98.28
98.22
98.56
98.58
98.07
98.30
98.65
98.62
98.66
98.57
98.42
98.67
98.63
98.79
98.89
98.12
98.44
98.92
98.07
98.44
98.32
98.76
98.70
98.63
98.66
98.70
98.42
98.60
98.71
98.49
98.40
98.76
98.58
98.52
98.75
98.70
98.65
98.61
98.60
98.60
98.61
98.80
98.78
98.43
98.59
98.26
98.40
98.27
98.45
98.56
98.58
97.99
98.47
98.74
98.47
98.55
98.76
98.29
98.53
98.43
98.66
98.84
98.25
98.47
98.80
98.42
98.53
98.20
98.72
98.54
98.59
98.70
98.70
98.61
98.76
98.77
98.74
98.61
98.84
98.76
98.51
98.64
98.83
98.68
98.55
98.70
98.63
98.60
98.79
98.68
98.49
98.61
98.40
98.19
98.50
98.60
98.42
98.65
98.12
98.49
98.76
98.29
98.75
98.93
98.38
98.82
98.54
98.67
98.89
98.30
98.59
98.69
98.80
98.55
98.11
98.60
98.58
98.49
98.74
98.51
98.59
98.62
98.82
98.71
98.60
98.88
98.80
98.64
98.67
98.81
98.80
98.70
98.71
98.74
98.59
98.72
98.79
98.52
98.68
98.47
98.21
98.64
98.70
97.97
98.78
98.42
98.25
98.85
98.41
98.52
