77.60
78.62
82.37
84.76
84.41
86.12
87.46
86.51
86.68
87.49
86.52
87.06
88.24
88.92
89.17
90.91
89.79
90.20
90.24
90.32
91.40
91.15
91.69
91.65
91.30
91.94
92.07
91.32
92.20
91.00
91.85
91.49
91.64
91.47
92.26
92.96
92.85
93.08
92.70
92.97
92.84
93.32
93.16
93.35
93.42
93.55
93.63
92.80
93.86
93.50
93.54
94.13
94.12
93.99
94.03
93.91
93.57
93.95
93.70
94.34
94.59
94.06
93.94
94.29
94.26
94.49
94.70
94.50
94.40
94.75
94.97
94.47
95.06
94.78
94.89
94.47
94.28
94.60
94.73
94.85
94.79
94.57
95.22
95.13
95.27
95.27
95.28
95.19
95.06
95.46
95.27
95.47
95.16
95.24
94.68
95.65
95.55
95.09
95.61
95.61
95.57
95.54
95.66
94.92
95.32
95.33
95.62
95.70
95.75
95.47
95.81
95.72
95.47
95.79
95.03
95.69
95.79
95.96
95.75
96.18
95.91
95.99
95.82
95.65
95.97
96.07
96.15
95.99
95.88
96.15
96.22
96.07
96.18
96.06
96.12
96.23
96.32
96.07
96.17
96.07
95.83
96.04
96.40
96.17
95.97
96.39
96.35
96.41
96.28
96.42
95.75
96.03
96.02
96.07
96.61
96.50
96.21
96.51
96.27
96.07
96.38
95.60
96.40
96.35
96.58
96.36
96.74
96.57
96.41
96.40
96.39
96.61
96.63
96.70
96.61
96.46
96.63
96.69
96.60
96.60
96.57
96.64
96.84
96.69
96.50
96.58
96.52
96.29
96.62
96.79
96.54
96.39
96.71
96.57
96.86
96.72
96.66
96.22
96.38
96.46
96.42
96.92
96.93
96.50
96.83
96.49
96.55
96.71
96.07
96.71
96.75
96.78
96.73
96.90
96.79
96.56
96.86
96.63
97.06
96.87
96.98
97.01
96.83
96.95
97.05
96.83
96.84
96.93
96.98
97.13
97.06
96.82
96.80
96.86
96.57
96.83
97.01
96.71
96.73
96.99
96.80
96.98
96.90
96.95
96.55
96.91
96.71
96.69
97.09
97.14
96.90
97.11
96.90
96.69
96.95
96.37
96.84
97.05
97.09
96.98
97.04
96.94
96.85
97.06
96.91
97.25
97.07
97.21
97.30
97.02
97.11
97.21
96.95
96.97
97.10
97.08
97.33
97.19
97.10
96.95
97.12
96.78
97.01
97.14
96.91
96.93
97.19
96.94
97.13
97.04
97.11
96.79
97.09
96.76
96.85
97.20
97.22
97.02
97.32
97.17
96.86
97.21
96.60
97.01
97.12
97.18
97.16
97.20
97.12
97.10
97.39
97.12
97.36
97.20
97.38
97.43
97.25
97.17
97.25
97.12
97.18
97.39
97.18
97.54
97.31
97.22
97.08
97.18
96.82
97.08
97.29
97.07
97.16
97.31
97.09
97.18
97.24
97.20
96.96
97.26
97.08
97.00
97.32
97.19
97.23
97.38
97.26
97.09
97.31
96.89
97.10
97.16
97.32
97.29
97.28
97.24
97.32
97.47
97.27
97.42
97.29
97.44
97.49
97.46
97.22
97.38
97.16
97.38
97.45
97.24
97.64
97.32
97.21
97.14
97.30
96.96
97.17
97.30
97.13
97.30
97.32
97.14
97.28
97.39
97.42
97.02
97.38
97.28
97.39
97.49
97.32
97.38
97.61
97.37
97.22
97.43
97.12
97.18
97.18
97.45
97.47
97.38
97.35
97.44
97.52
97.35
97.54
97.34
97.47
97.54
97.58
97.38
97.44
97.32
97.47
97.49
97.38
97.73
97.37
97.22
97.19
97.30
97.11
97.29
97.39
97.14
97.43
97.46
97.31
97.42
97.53
97.48
97.32
97.31
97.43
97.53
97.55
97.29
97.45
97.62
97.46
97.26
97.54
97.15
97.28
97.30
97.60
97.56
97.46
97.38
97.59
97.64
97.42
97.70
97.47
97.51
97.60
97.63
97.45
97.49
97.39
97.63
97.53
97.36
97.78
97.39
97.29
97.31
97.29
97.28
