10.05
10.58
13.36
17.23
17.78
20.74
20.07
24.52
25.16
26.82
26.74
27.29
30.32
30.48
26.92
28.82
33.14
35.36
34.20
35.31
37.10
35.07
35.70
38.75
37.63
39.54
38.25
39.90
42.21
40.72
44.05
44.73
43.50
44.31
42.65
44.61
46.23
45.08
43.81
46.52
46.42
47.24
46.72
47.59
48.51
49.75
48.42
50.56
48.26
46.94
49.70
50.66
49.47
48.26
50.49
51.82
51.60
51.20
52.58
52.90
48.52
52.12
53.50
52.36
52.23
55.26
51.03
53.90
54.10
54.30
55.89
56.26
55.15
55.97
56.52
56.67
56.12
56.56
53.92
57.82
56.34
57.33
57.67
57.08
57.49
58.12
58.62
58.87
55.88
56.22
59.31
57.82
59.19
56.51
58.32
61.12
58.06
59.71
60.31
59.64
57.52
58.55
59.96
60.57
61.23
59.39
60.19
61.75
62.27
61.02
62.48
61.72
58.25
60.70
59.31
60.78
61.28
61.68
61.98
63.47
62.37
62.72
63.73
64.17
65.30
62.39
62.39
61.87
62.11
61.55
64.20
62.06
64.36
63.61
63.37
65.08
63.31
63.56
64.79
64.16
63.96
63.22
62.46
62.99
65.34
64.87
64.75
65.35
66.04
65.39
65.62
66.19
65.00
64.60
64.33
63.73
65.01
65.42
66.21
66.02
64.98
65.56
66.60
65.47
64.80
66.02
66.97
66.58
64.81
64.16
65.32
65.28
67.57
66.50
65.73
66.90
65.67
67.21
67.86
65.45
67.75
67.84
65.92
65.78
67.49
67.49
67.78
66.00
67.86
68.51
67.85
68.48
66.04
67.08
67.99
67.84
67.24
68.14
68.13
68.18
68.28
68.85
68.21
67.73
67.83
68.46
68.98
68.50
66.32
64.30
66.16
68.47
68.92
67.98
67.18
68.45
68.40
69.00
68.16
68.21
68.46
68.05
65.00
66.22
67.46
68.47
68.19
65.76
67.57
68.76
68.33
68.59
68.55
68.84
68.89
68.92
66.38
68.95
69.09
69.42
69.36
69.75
69.42
67.43
68.72
68.02
68.78
68.95
67.57
65.90
66.39
67.74
69.27
69.25
68.42
68.37
69.46
68.23
69.35
69.30
69.00
69.29
68.62
69.10
69.40
68.92
69.49
68.72
69.10
70.02
68.88
69.98
69.14
69.91
70.84
69.50
69.36
70.24
69.60
69.35
69.73
70.42
69.71
69.28
68.35
68.07
70.27
68.68
67.84
65.72
68.48
68.81
70.89
69.73
69.95
69.84
70.54
67.34
68.54
70.01
68.88
69.62
68.00
70.07
69.31
68.44
69.72
70.64
68.39
70.37
70.03
70.37
69.76
68.85
69.64
69.86
67.41
67.92
69.82
69.93
69.73
69.52
67.52
70.06
68.25
67.42
68.73
68.14
69.12
68.90
69.83
69.75
70.42
68.87
70.60
69.93
69.41
69.07
68.28
70.51
69.54
71.00
69.11
69.73
67.39
69.29
70.32
70.88
68.28
68.50
68.89
69.17
70.98
70.01
70.52
69.54
65.96
67.21
69.02
70.11
70.54
69.86
69.36
70.09
67.50
68.40
69.49
70.27
70.22
68.98
68.65
68.69
71.22
70.31
70.19
69.86
68.20
69.66
69.76
71.36
69.18
68.91
69.62
68.46
68.39
69.67
70.01
70.03
69.19
68.36
68.60
68.56
70.73
69.03
70.99
68.31
66.20
68.07
70.09
69.18
