10.00
10.00
10.00
10.00
11.32
10.00
10.00
10.00
10.00
10.00
10.00
10.00
10.00
10.00
12.75
10.00
10.01
11.08
10.00
10.00
10.00
10.00
13.62
11.83
10.00
10.00
10.00
12.35
11.40
10.00
11.75
13.58
13.96
15.53
16.63
15.04
16.83
14.83
18.82
17.77
17.79
18.70
22.17
18.53
18.51
22.28
20.90
21.79
24.41
23.65
23.39
24.65
23.34
24.90
26.99
26.85
25.81
26.76
26.70
24.99
24.53
26.67
28.72
28.31
27.32
28.76
31.00
31.25
30.50
30.93
31.83
32.86
33.21
30.94
29.96
32.17
35.59
35.78
34.76
35.25
30.76
34.31
36.52
33.24
37.55
37.69
37.12
37.93
36.72
38.53
39.28
37.19
39.08
39.79
38.89
41.26
40.47
41.07
42.35
42.37
41.72
39.78
42.77
43.74
43.20
43.34
40.21
40.51
43.09
45.19
43.68
45.02
46.46
43.02
42.67
45.36
42.89
45.57
43.77
45.42
43.63
43.23
46.52
46.77
48.47
47.98
48.36
45.34
50.06
48.24
50.34
46.11
49.31
50.64
46.08
47.63
46.86
49.47
50.83
52.47
51.06
53.16
51.76
48.25
49.72
49.02
48.77
53.32
51.56
52.29
54.29
53.82
49.84
51.53
52.05
53.62
53.27
54.95
53.85
54.26
55.50
54.18
55.97
54.77
54.79
55.87
53.00
55.00
53.54
55.62
55.26
54.10
56.01
55.61
52.41
57.33
54.77
54.39
56.83
57.30
57.01
57.14
57.21
56.62
54.12
57.75
57.34
58.02
54.42
57.75
58.09
58.55
58.78
56.24
58.24
58.92
57.88
60.05
58.69
60.22
58.11
59.83
59.31
60.95
58.46
61.02
57.49
59.94
57.26
60.67
57.92
58.49
59.43
57.97
58.51
60.97
55.77
58.97
61.08
58.70
61.26
56.48
59.25
60.84
60.61
59.85
59.82
61.86
58.97
60.47
61.77
62.32
61.85
60.87
59.91
60.65
59.60
61.44
62.54
62.11
62.93
63.84
63.43
63.80
59.72
60.19
61.79
60.98
63.10
62.26
62.56
61.82
63.65
60.60
61.04
64.19
61.35
61.08
62.11
60.96
63.61
64.09
61.84
65.53
64.11
62.89
63.45
63.95
64.31
64.14
64.69
64.91
63.94
62.53
62.97
62.75
63.22
63.67
64.28
62.11
64.55
65.61
65.13
64.10
65.25
63.92
65.72
64.44
66.49
65.80
66.19
64.46
67.02
64.71
65.97
64.79
65.13
63.64
65.28
64.22
66.68
65.69
63.78
66.88
66.08
65.40
66.20
64.07
65.10
66.14
66.24
66.98
65.67
64.90
67.02
66.47
67.45
62.36
65.36
65.93
66.21
65.81
66.33
66.56
67.30
66.50
67.11
66.78
66.38
67.62
67.42
65.46
67.68
63.03
68.10
67.47
66.35
65.78
65.20
67.17
66.24
64.74
64.63
67.59
66.52
66.53
64.89
64.63
66.95
67.88
67.95
67.13
65.45
67.10
67.55
67.38
68.31
65.48
65.85
65.27
65.84
66.99
67.66
68.22
65.99
67.23
68.52
67.06
66.78
68.89
67.52
63.11
66.21
62.96
67.03
66.49
67.17
64.42
63.86
65.45
67.90
68.38
62.97
66.95
65.92
67.19
65.89
66.51
66.87
67.54
66.99
68.92
66.82
66.67
68.08
66.07
67.07
66.08
66.76
67.87
